Gate: 4611686018427387903 Flight: 4611686018427387903
Opening time: 00:00 Closing time: 24:00

#00: 05:51 07:01 1 3 6 7 11 15 
#01: 06:13 07:00 0 1 3 4 5 6 7 8 10 11 12 14 15 16 17 
#02: 06:37 07:47 1 3 6 7 11 15 
#03: 06:47 08:26 1 3 6 7 11 15 
#04: 06:47 07:36 1 3 6 7 11 15 
#05: 07:06 08:14 1 3 6 7 11 15 
#06: 07:09 08:31 0 4 5 8 
#07: 07:09 07:58 0 1 3 4 5 6 7 8 10 11 12 14 15 16 17 
#08: 07:18 08:16 0 1 3 4 5 6 7 8 10 11 12 14 15 16 17 
#09: 07:19 08:18 1 3 6 7 10 11 12 14 15 16 17 
#10: 07:20 08:28 11 15 16 17 
#11: 07:22 08:43 0 1 3 4 5 6 7 8 10 11 12 14 15 16 17 
#12: 07:33 09:30 1 3 6 7 10 11 12 14 15 16 17 
#13: 08:04 08:53 0 1 3 4 5 6 7 8 10 11 12 14 15 16 17 
#14: 08:18 09:14 4 
#15: 08:57 10:07 0 1 3 4 5 6 7 8 10 11 12 14 15 16 17 
#16: 09:17 10:49 1 3 6 7 11 15 
#17: 09:20 13:48 0 1 3 4 5 6 7 8 10 11 12 14 15 16 17 
#18: 09:36 11:11 0 1 3 4 5 6 7 8 10 11 12 14 15 16 17 
#19: 09:42 10:38 1 3 6 7 11 15 
#20: 09:47 10:55 1 3 6 7 11 15 
#21: 09:49 10:51 1 3 6 7 11 15 
#22: 10:16 11:28 1 3 6 7 11 15 
#23: 10:16 10:56 0 1 3 4 5 6 7 8 10 11 12 14 15 16 17 
#24: 10:20 11:06 0 1 3 4 5 6 7 8 10 11 12 14 15 16 17 
#25: 10:22 12:44 0 1 3 4 5 6 7 8 10 11 12 14 15 16 17 
#26: 10:38 12:24 0 1 3 4 5 6 7 8 10 11 12 14 15 16 17 
#27: 10:59 11:54 0 1 3 4 5 6 7 8 10 11 12 14 15 16 17 
#28: 11:33 12:34 0 1 3 4 5 6 7 8 10 11 12 14 15 16 17 
#29: 12:11 13:14 0 1 3 4 5 6 7 8 10 11 12 14 15 16 17 
#30: 12:16 13:15 0 1 3 4 5 6 7 8 10 11 12 14 15 16 17 
#31: 12:20 13:09 0 1 3 4 5 6 7 8 10 11 12 14 15 16 17 
#32: 12:47 13:37 0 1 3 4 5 6 7 8 10 11 12 14 15 16 17 
#33: 13:09 14:56 0 1 3 4 5 6 7 8 10 11 12 14 15 16 17 
#34: 13:55 14:35 0 1 3 4 5 6 7 8 10 11 12 14 15 16 17 
#35: 13:56 14:48 0 1 3 4 5 6 7 8 10 11 12 14 15 16 17 
#36: 14:04 14:49 0 1 3 4 5 6 7 8 10 11 12 14 15 16 17 
#37: 14:13 15:53 0 1 3 4 5 6 7 8 10 11 12 14 15 16 17 
#38: 14:32 15:12 0 1 3 4 5 6 7 8 10 11 12 14 15 16 17 
#39: 14:35 15:20 0 1 3 4 5 6 7 8 10 11 12 14 15 16 17 
#40: 14:46 15:29 0 1 3 4 5 6 7 8 10 11 12 14 15 16 17 
#41: 14:49 15:36 0 1 3 4 5 6 7 8 10 11 12 14 15 16 17 
#42: 14:52 15:33 0 1 3 4 5 6 7 8 10 11 12 14 15 16 17 
#43: 15:25 16:38 0 1 3 4 5 6 7 8 10 11 12 14 15 16 17 
#44: 15:34 16:17 0 1 3 4 5 6 7 8 10 11 12 14 15 16 17 
#45: 15:46 16:44 11 15 16 17 
#46: 15:58 16:46 10 12 14 17 
#47: 16:12 17:00 0 1 3 4 5 6 7 8 10 11 12 14 15 16 17 
#48: 16:17 17:12 1 3 6 7 10 11 12 14 15 16 17 
#49: 16:24 17:00 0 1 3 4 5 6 7 8 10 11 12 14 15 16 17 
#50: 16:30 17:11 0 1 3 4 5 6 7 8 10 11 12 14 15 16 17 
#51: 16:52 17:24 0 1 3 4 5 6 7 8 10 11 12 14 15 16 17 
#52: 16:52 17:35 0 1 3 4 5 6 7 8 10 11 12 14 15 16 17 
#53: 17:06 19:05 1 3 6 7 11 15 
#54: 17:15 18:10 0 1 3 4 5 6 7 8 10 11 12 14 15 16 17 
#55: 17:27 19:04 1 3 6 7 11 15 
#56: 17:36 18:23 1 3 6 7 10 11 12 14 15 16 17 
#57: 17:41 19:09 1 3 6 7 11 15 
#58: 17:41 18:38 0 1 3 4 5 6 7 8 10 11 12 14 15 16 17 
#59: 17:45 19:19 1 3 6 7 11 15 
#60: 17:46 18:59 1 3 6 7 11 15 
#61: 17:52 18:52 0 1 3 4 5 6 7 8 10 11 12 14 15 16 17 
#62: 18:03 18:48 0 1 3 4 5 6 7 8 10 11 12 14 15 16 17 
#63: 18:19 19:03 0 1 3 4 5 6 7 8 10 11 12 14 15 16 17 
#64: 18:38 19:29 0 1 3 4 5 6 7 8 10 11 12 14 15 16 17 
#65: 18:40 19:32 1 3 6 7 11 15 
#66: 18:43 19:16 0 1 3 4 5 6 7 8 10 11 12 14 15 16 17 
#67: 18:46 19:33 0 1 3 4 5 6 7 8 10 11 12 14 15 16 17 
#68: 19:25 19:56 0 1 3 4 5 6 7 8 10 11 12 14 15 16 17 
