Gate: 4611686018427387903 Flight: 4611686018427387903
Opening time: 00:00 Closing time: 24:00

#00: 05:58 06:55 0 1 3 4 5 6 7 8 10 11 12 14 15 16 17 
#01: 06:20 06:56 0 1 3 4 5 6 7 8 10 11 12 14 15 16 17 
#02: 06:54 10:20 1 3 6 7 11 15 
#03: 07:04 08:22 0 1 3 4 5 6 7 8 10 11 12 14 15 16 17 
#04: 07:05 09:12 1 3 6 7 11 15 
#05: 07:11 08:13 0 4 5 8 
#06: 07:12 08:12 0 1 3 4 5 6 7 8 10 11 12 14 15 16 17 
#07: 07:28 08:09 0 1 3 4 5 6 7 8 10 11 12 14 15 16 17 
#08: 07:33 09:01 1 3 6 7 10 11 12 14 15 16 17 
#09: 07:34 08:30 1 3 6 7 10 11 12 14 15 16 17 
#10: 07:47 08:51 0 1 3 4 5 6 7 8 10 11 12 14 15 16 17 
#11: 08:19 09:26 0 4 8 10 12 14 17 
#12: 08:52 10:00 0 1 3 4 5 6 7 8 10 11 12 14 15 16 17 
#13: 09:16 10:27 0 1 3 4 5 6 7 8 10 11 12 14 15 16 17 
#14: 09:30 11:13 0 1 3 4 5 6 7 8 10 11 12 14 15 16 17 
#15: 09:39 10:39 1 3 6 7 11 15 
#16: 09:39 10:32 0 1 3 4 5 6 7 8 10 11 12 14 15 16 17 
#17: 09:44 10:54 1 3 6 7 11 15 
#18: 10:20 11:26 0 1 3 4 5 6 7 8 10 11 12 14 15 16 17 
#19: 10:24 12:40 0 1 3 4 5 6 7 8 10 11 12 14 15 16 17 
#20: 10:38 11:31 0 1 3 4 5 6 7 8 10 11 12 14 15 16 17 
#21: 10:46 12:03 0 1 3 4 7 8 
#22: 10:55 11:47 0 1 3 4 5 6 7 8 10 11 12 14 15 16 17 
#23: 11:36 12:12 0 1 3 4 5 6 7 8 10 11 12 14 15 16 17 
#24: 11:53 13:06 1 3 6 7 11 15 
#25: 12:20 13:20 0 1 3 4 5 6 7 8 10 11 12 14 15 16 17 
#26: 12:24 13:08 0 1 3 4 5 6 7 8 10 11 12 14 15 16 17 
#27: 12:55 15:11 0 1 3 4 5 6 7 8 10 11 12 14 15 16 17 
#28: 13:03 13:53 0 1 3 4 5 6 7 8 10 11 12 14 15 16 17 
#29: 13:31 14:33 0 1 3 4 5 6 7 8 10 11 12 14 15 16 17 
#30: 13:58 14:39 0 1 3 4 5 6 7 8 10 11 12 14 15 16 17 
#31: 14:05 14:51 0 1 3 4 5 6 7 8 10 11 12 14 15 16 17 
#32: 14:16 16:15 0 1 3 4 5 6 7 8 10 11 12 14 15 16 17 
#33: 14:42 15:30 0 1 3 4 5 6 7 8 10 11 12 14 15 16 17 
#34: 14:46 15:29 0 1 3 4 5 6 7 8 10 11 12 14 15 16 17 
#35: 14:49 15:25 0 1 3 4 5 6 7 8 10 11 12 14 15 16 17 
#36: 15:24 16:38 0 1 3 4 5 6 7 8 10 11 12 14 15 16 17 
#37: 15:29 16:52 0 1 3 4 5 6 7 8 10 11 12 14 15 16 17 
#38: 15:38 16:35 0 1 3 4 5 6 7 8 10 11 12 14 15 16 17 
#39: 15:41 16:17 0 1 3 4 5 6 7 8 10 11 12 14 15 16 17 
#40: 15:43 16:57 11 15 16 17 
#41: 15:54 17:07 0 1 3 4 5 6 7 8 10 11 12 14 15 16 17 
#42: 16:12 17:02 0 1 3 4 5 6 7 8 10 11 12 14 15 16 17 
#43: 16:41 17:45 0 1 3 4 5 6 7 8 10 11 12 14 15 16 17 
#44: 16:47 17:34 0 1 3 4 5 6 7 8 10 11 12 14 15 16 17 
#45: 16:49 17:28 0 1 3 4 5 6 7 8 10 11 12 14 15 16 17 
#46: 16:53 17:55 1 3 6 7 10 11 12 14 15 16 17 
#47: 17:05 19:14 1 3 6 7 11 15 
#48: 17:20 18:51 1 3 6 7 11 15 
#49: 17:37 18:28 0 1 3 4 5 6 7 8 10 11 12 14 15 16 17 
#50: 17:39 18:31 1 3 6 7 10 11 12 14 15 16 17 
#51: 17:48 19:03 1 3 6 7 11 15 
#52: 17:53 18:52 0 1 3 4 5 6 7 8 10 11 12 14 15 16 17 
#53: 18:16 19:56 0 1 3 4 5 6 7 8 10 11 12 14 15 16 17 
#54: 18:23 19:27 1 3 6 7 11 15 
#55: 18:30 19:33 0 1 3 4 5 6 7 8 10 11 12 14 15 16 17 
#56: 18:45 19:18 0 1 3 4 5 6 7 8 10 11 12 14 15 16 17 
#57: 18:50 20:23 0 1 3 4 5 6 7 8 10 11 12 14 15 16 17 
#58: 19:14 20:12 0 1 3 4 5 6 7 8 10 11 12 14 15 16 17 
#59: 19:25 20:10 0 1 3 4 5 6 7 8 10 11 12 14 15 16 17 
#60: 19:26 20:06 0 1 3 4 5 6 7 8 10 11 12 14 15 16 17 
#61: 19:30 20:24 0 1 3 4 5 6 7 8 10 11 12 14 15 16 17 
#62: 20:11 20:52 0 1 3 4 5 6 7 8 10 11 12 14 15 16 17 
