Gate: 4611686018427387903 Flight: 4611686018427387903
Opening time: 00:00 Closing time: 24:00

#00: 06:08 06:51 0 1 3 4 5 6 7 8 10 11 12 14 15 16 17 
#01: 06:21 06:59 0 1 3 4 5 6 7 8 10 11 12 14 15 16 17 
#02: 06:23 11:03 0 1 3 4 5 6 7 8 10 11 12 14 15 16 17 
#03: 06:37 08:18 1 3 6 7 11 15 
#04: 06:55 07:55 1 3 6 7 11 15 
#05: 06:59 08:03 0 1 3 4 5 6 7 8 10 11 12 14 15 16 17 
#06: 07:01 08:25 1 3 6 7 11 15 
#07: 07:06 08:06 1 3 6 7 10 11 12 14 15 16 17 
#08: 07:06 08:20 0 1 3 4 5 6 7 8 10 11 12 14 15 16 17 
#09: 07:13 08:29 0 1 3 4 5 6 7 8 10 11 12 14 15 16 17 
#10: 07:18 08:14 11 15 16 17 
#11: 07:23 08:04 0 1 3 4 5 6 7 8 10 11 12 14 15 16 17 
#12: 07:53 08:59 0 1 3 4 5 6 7 8 10 11 12 14 15 16 17 
#13: 08:55 10:03 0 1 3 4 5 6 7 8 10 11 12 14 15 16 17 
#14: 09:12 10:36 0 1 3 4 5 6 7 8 10 11 12 14 15 16 17 
#15: 09:15 10:29 0 1 3 4 5 6 7 8 10 11 12 14 15 16 17 
#16: 09:31 10:38 0 1 3 4 5 6 7 8 10 11 12 14 15 16 17 
#17: 09:34 10:35 0 4 5 8 
#18: 09:38 10:56 1 3 6 7 11 15 
#19: 09:38 11:26 1 3 6 7 11 15 
#20: 09:41 10:41 1 3 6 7 11 15 
#21: 09:43 10:44 0 1 3 4 5 6 7 8 10 11 12 14 15 16 17 
#22: 10:13 11:20 1 3 6 7 11 15 
#23: 10:22 12:12 0 1 3 4 7 8 
#24: 10:24 11:25 0 1 3 4 5 6 7 8 10 11 12 14 15 16 17 
#25: 10:43 11:52 0 1 3 4 5 6 7 8 10 11 12 14 15 16 17 
#26: 10:50 11:45 0 1 3 4 5 6 7 8 10 11 12 14 15 16 17 
#27: 11:01 11:44 0 1 3 4 5 6 7 8 10 11 12 14 15 16 17 
#28: 11:06 12:33 0 4 5 8 
#29: 11:38 12:25 0 1 3 4 5 6 7 8 10 11 12 14 15 16 17 
#30: 11:58 13:34 0 4 8 10 12 14 17 
#31: 12:04 13:07 0 1 3 4 5 6 7 8 10 11 12 14 15 16 17 
#32: 12:05 13:24 0 1 3 4 5 6 7 8 10 11 12 14 15 16 17 
#33: 12:20 13:03 0 1 3 4 5 6 7 8 10 11 12 14 15 16 17 
#34: 12:33 13:18 0 1 3 4 5 6 7 8 10 11 12 14 15 16 17 
#35: 13:10 14:58 0 1 3 4 5 6 7 8 10 11 12 14 15 16 17 
#36: 13:19 14:25 0 1 3 4 5 6 7 8 10 11 12 14 15 16 17 
#37: 14:07 15:19 0 1 3 4 5 6 7 8 10 11 12 14 15 16 17 
#38: 14:15 15:28 0 1 3 4 5 6 7 8 10 11 12 14 15 16 17 
#39: 14:43 15:37 0 4 8 10 12 14 17 
#40: 14:45 15:33 0 1 3 4 5 6 7 8 10 11 12 14 15 16 17 
#41: 15:24 16:13 0 1 3 4 5 6 7 8 10 11 12 14 15 16 17 
#42: 15:28 16:09 0 1 3 4 5 6 7 8 10 11 12 14 15 16 17 
#43: 15:37 16:34 0 1 3 4 5 6 7 8 10 11 12 14 15 16 17 
#44: 15:51 16:40 0 1 3 4 5 6 7 8 10 11 12 14 15 16 17 
#45: 15:55 16:35 0 1 3 4 5 6 7 8 10 11 12 14 15 16 17 
#46: 16:03 17:03 1 3 6 7 10 11 12 14 15 16 17 
#47: 16:15 16:51 0 1 3 4 5 6 7 8 10 11 12 14 15 16 17 
#48: 16:30 17:12 0 1 3 4 5 6 7 8 10 11 12 14 15 16 17 
#49: 16:34 17:10 0 1 3 4 5 6 7 8 10 11 12 14 15 16 17 
#50: 16:41 17:38 0 1 3 4 5 6 7 8 10 11 12 14 15 16 17 
#51: 17:10 17:47 0 1 3 4 5 6 7 8 10 11 12 14 15 16 17 
#52: 17:14 18:10 0 1 3 4 5 6 7 8 10 11 12 14 15 16 17 
#53: 17:16 18:19 1 3 6 7 10 11 12 14 15 16 17 
#54: 17:25 19:14 1 3 6 7 11 15 
#55: 17:25 19:06 1 3 6 7 11 15 
#56: 17:37 19:00 0 1 3 4 5 6 7 8 10 11 12 14 15 16 17 
#57: 17:43 18:23 0 1 3 4 5 6 7 8 10 11 12 14 15 16 17 
#58: 18:21 18:55 0 1 3 4 5 6 7 8 10 11 12 14 15 16 17 
#59: 18:29 19:08 0 1 3 4 5 6 7 8 10 11 12 14 15 16 17 
#60: 18:35 19:39 0 1 3 4 5 6 7 8 10 11 12 14 15 16 17 
#61: 18:41 19:33 1 3 6 7 11 15 
#62: 18:51 19:26 0 1 3 4 5 6 7 8 10 11 12 14 15 16 17 
#63: 19:02 19:45 0 1 3 4 5 6 7 8 10 11 12 14 15 16 17 
#64: 19:06 19:50 0 1 3 4 5 6 7 8 10 11 12 14 15 16 17 
