Gate: 4611686018427387903 Flight: 4611686018427387903
Opening time: 00:00 Closing time: 24:00

#00: 03:39 08:47 1 4 7 
#01: 04:08 08:29 1 4 7 
#02: 05:08 09:33 0 2 3 5 6 8 9 10 11 12 13 14 15 16 17 18 19 20 21 22 23 24 25 26 
#03: 05:23 06:35 0 2 3 8 9 10 11 12 13 14 15 16 17 19 20 21 22 23 24 25 26 
#04: 05:35 07:16 0 2 3 5 6 8 9 10 11 12 13 14 15 16 17 18 19 20 21 22 23 24 25 26 
#05: 05:39 06:46 0 2 3 8 9 10 11 12 13 14 15 16 19 20 21 22 23 24 25 26 
#06: 05:42 07:12 0 2 3 8 9 10 11 12 13 14 15 16 19 20 21 22 23 24 25 26 
#07: 05:46 06:45 0 2 3 5 6 8 9 10 11 12 13 14 15 16 17 18 19 20 21 22 23 24 25 26 
#08: 05:47 07:46 0 2 3 5 6 8 9 10 11 12 13 14 15 16 17 18 19 20 21 22 23 24 25 26 
#09: 05:51 07:01 2 11 12 13 19 
#10: 05:54 07:02 2 3 5 6 8 11 12 13 16 17 18 21 22 23 24 25 26 
#11: 06:09 07:12 2 3 8 11 12 13 17 18 23 24 25 26 
#12: 06:13 07:39 2 3 5 6 8 11 12 13 16 17 18 21 22 23 24 25 26 
#13: 06:19 07:35 0 2 3 5 6 8 9 10 11 12 13 14 15 16 17 18 19 20 21 22 23 24 25 26 
#14: 06:24 08:04 2 3 5 6 8 11 12 13 16 17 18 21 22 23 24 25 26 
#15: 06:25 09:53 1 4 7 
#16: 06:26 07:44 2 11 12 13 19 
#17: 06:30 08:43 0 2 3 5 6 8 9 10 11 12 13 14 15 16 17 18 19 20 21 22 23 24 25 26 
#18: 06:31 07:48 0 2 3 8 9 10 11 12 13 14 15 16 17 19 20 21 22 23 24 25 26 
#19: 06:32 07:28 0 2 3 8 9 10 11 12 13 14 15 16 19 20 21 22 23 24 25 26 
#20: 06:36 08:11 2 3 5 6 8 11 12 13 16 17 18 21 22 23 24 25 26 
#21: 06:37 08:07 0 2 3 5 6 8 9 10 11 12 13 14 15 16 17 18 19 20 21 22 23 24 25 26 
#22: 06:39 08:36 2 3 5 6 8 11 12 13 16 17 18 21 22 23 24 25 26 
#23: 06:54 07:50 0 2 3 8 9 10 11 12 13 14 15 16 19 20 21 22 23 24 25 26 
#24: 06:56 08:15 0 2 3 8 9 10 11 12 13 14 15 16 17 19 20 21 22 23 24 25 26 
#25: 07:01 08:03 2 3 5 6 8 11 12 13 16 17 18 21 22 23 24 25 26 
#26: 07:05 08:28 0 2 3 8 9 10 11 12 13 14 15 16 19 20 21 22 23 24 25 26 
#27: 07:07 08:12 2 3 5 6 8 11 12 13 16 17 18 21 22 23 24 25 26 
#28: 07:09 08:11 2 3 5 6 8 11 12 13 16 17 18 21 22 23 24 25 26 
#29: 07:19 08:35 2 3 8 11 12 13 17 18 23 24 25 26 
#30: 07:22 08:29 0 2 3 8 9 10 11 12 13 14 15 16 17 19 20 21 22 23 24 25 26 
#31: 07:25 08:45 2 3 8 11 12 13 17 18 23 24 25 26 
#32: 08:09 09:17 0 2 3 8 9 10 11 12 13 14 15 16 19 20 21 22 23 24 25 26 
#33: 08:29 09:50 2 3 5 6 8 11 12 13 16 17 18 21 22 23 24 25 26 
#34: 08:40 11:35 1 4 7 
#35: 08:48 09:53 2 3 5 6 8 11 12 13 16 17 18 21 22 23 24 25 26 
#36: 09:15 10:45 2 3 5 6 8 11 12 13 16 17 18 21 22 23 24 25 26 
#37: 09:40 11:22 0 2 3 8 9 10 11 12 13 14 15 16 19 20 21 22 23 24 25 26 
#38: 09:44 11:05 0 2 3 5 6 8 9 10 11 12 13 14 15 16 17 18 19 20 21 22 23 24 25 26 
#39: 09:44 11:00 0 2 3 5 6 8 9 10 11 12 13 14 15 16 17 18 19 20 21 22 23 24 25 26 
#40: 09:45 11:05 0 2 3 8 9 10 11 12 13 14 15 16 19 20 21 22 23 24 25 26 
#41: 09:54 11:05 0 2 3 5 6 8 9 10 11 12 13 14 15 16 17 18 19 20 21 22 23 24 25 26 
#42: 09:55 10:51 0 2 3 8 9 10 11 12 13 14 15 16 19 20 21 22 23 24 25 26 
#43: 09:56 11:38 0 2 3 5 6 8 9 10 11 12 13 14 15 16 17 18 19 20 21 22 23 24 25 26 
#44: 09:56 11:29 2 3 5 6 8 11 12 13 16 17 18 21 22 23 24 25 26 
#45: 09:59 11:20 0 2 3 5 6 8 9 10 11 12 13 14 15 16 17 18 19 20 21 22 23 24 25 26 
#46: 10:02 11:04 0 2 3 5 6 8 9 10 11 12 13 14 15 16 17 18 19 20 21 22 23 24 25 26 
#47: 10:06 11:23 0 2 3 8 9 10 11 12 13 14 15 16 17 19 20 21 22 23 24 25 26 
#48: 10:14 12:12 0 2 3 5 6 8 9 10 11 12 13 14 15 16 17 18 19 20 21 22 23 24 25 26 
#49: 10:14 11:22 0 2 3 8 9 10 11 12 13 14 15 16 17 19 20 21 22 23 24 25 26 
#50: 10:17 11:22 2 3 5 6 8 11 12 13 16 17 18 21 22 23 24 25 26 
#51: 10:19 11:31 0 2 3 8 9 10 11 12 13 14 15 16 17 19 20 21 22 23 24 25 26 
#52: 10:23 11:34 0 2 3 8 9 10 11 12 13 14 15 16 17 19 20 21 22 23 24 25 26 
#53: 10:25 11:28 2 3 8 11 12 13 17 18 23 24 25 26 
#54: 10:26 11:47 2 3 5 6 8 11 12 13 16 17 18 21 22 23 24 25 26 
#55: 10:32 11:45 0 2 3 8 9 10 11 12 13 14 15 16 17 19 20 21 22 23 24 25 26 
#56: 10:45 12:28 0 2 3 8 9 10 11 12 13 14 15 16 19 20 21 22 23 24 25 26 
#57: 10:50 11:58 2 3 5 6 8 11 12 13 16 17 18 21 22 23 24 25 26 
#58: 10:54 12:04 2 3 5 6 8 11 12 13 16 17 18 21 22 23 24 25 26 
#59: 11:13 12:24 0 2 3 8 9 10 11 12 13 14 15 16 19 20 21 22 23 24 25 26 
#60: 11:37 12:43 0 2 3 5 6 8 9 10 11 12 13 14 15 16 17 18 19 20 21 22 23 24 25 26 
#61: 11:39 14:03 0 2 3 8 9 10 11 12 13 14 15 16 19 20 21 22 23 24 25 26 
#62: 11:44 13:08 2 3 5 6 8 11 12 13 16 17 18 21 22 23 24 25 26 
#63: 11:52 14:44 1 4 7 
#64: 11:52 13:01 2 3 5 6 8 11 12 13 16 17 18 21 22 23 24 25 26 
#65: 11:56 13:08 2 3 5 6 8 11 12 13 16 17 18 21 22 23 24 25 26 
#66: 11:57 13:43 2 3 5 6 8 11 12 13 16 17 18 21 22 23 24 25 26 
#67: 11:58 13:16 2 3 8 11 12 13 17 18 23 24 25 26 
#68: 11:58 13:27 0 2 3 8 9 10 11 12 13 14 15 16 19 20 21 22 23 24 25 26 
#69: 11:58 14:07 2 3 8 11 12 13 17 18 23 24 25 26 
#70: 12:07 13:07 0 2 3 5 6 8 9 10 11 12 13 14 15 16 17 18 19 20 21 22 23 24 25 26 
#71: 12:17 13:43 0 2 3 8 9 10 11 12 13 14 15 16 19 20 21 22 23 24 25 26 
#72: 12:18 13:27 0 2 3 5 6 8 9 10 11 12 13 14 15 16 17 18 19 20 21 22 23 24 25 26 
#73: 12:18 19:48 2 3 5 6 8 11 12 13 16 17 18 21 22 23 24 25 26 
#74: 12:19 13:38 0 2 3 8 9 10 11 12 13 14 15 16 19 20 21 22 23 24 25 26 
#75: 12:24 13:32 0 2 3 8 9 10 11 12 13 14 15 16 19 20 21 22 23 24 25 26 
#76: 12:26 13:39 0 2 3 5 6 8 9 10 11 12 13 14 15 16 17 18 19 20 21 22 23 24 25 26 
#77: 12:43 20:08 2 3 5 6 8 11 12 13 16 17 18 21 22 23 24 25 26 
#78: 12:45 13:59 0 2 3 8 9 10 11 12 13 14 15 16 19 20 21 22 23 24 25 26 
#79: 12:49 19:41 2 3 5 6 8 11 12 13 16 17 18 21 22 23 24 25 26 
#80: 13:03 20:44 2 3 5 6 8 11 12 13 16 17 18 21 22 23 24 25 26 
#81: 13:04 19:41 0 2 3 8 9 10 11 12 13 14 15 16 19 20 21 22 23 24 25 26 
#82: 13:46 19:32 0 2 3 5 6 8 9 10 11 12 13 14 15 16 17 18 19 20 21 22 23 24 25 26 
#83: 13:54 19:28 0 2 3 8 9 10 11 12 13 14 15 16 17 19 20 21 22 23 24 25 26 
#84: 13:57 19:59 0 2 3 5 6 8 9 10 11 12 13 14 15 16 17 18 19 20 21 22 23 24 25 26 
#85: 13:58 19:16 0 2 3 8 9 10 11 12 13 14 15 16 19 20 21 22 23 24 25 26 
#86: 14:04 19:47 0 2 3 5 6 8 9 10 11 12 13 14 15 16 17 18 19 20 21 22 23 24 25 26 
#87: 14:15 20:07 0 2 3 8 9 10 11 12 13 14 15 16 19 20 21 22 23 24 25 26 
#88: 14:38 21:41 1 4 7 
#89: 14:53 19:51 0 2 3 5 6 8 9 10 11 12 13 14 15 16 17 18 19 20 21 22 23 24 25 26 
#90: 14:55 19:57 0 2 3 8 9 10 11 12 13 14 15 16 17 19 20 21 22 23 24 25 26 
#91: 15:01 21:53 1 4 7 
#92: 15:07 16:57 0 2 3 8 9 10 11 12 13 14 15 16 19 20 21 22 23 24 25 26 
#93: 15:11 19:31 0 2 3 5 6 8 9 10 11 12 13 14 15 16 17 18 19 20 21 22 23 24 25 26 
#94: 15:15 17:16 0 2 3 5 6 8 9 10 11 12 13 14 15 16 17 18 19 20 21 22 23 24 25 26 
#95: 15:30 17:42 2 3 5 6 8 11 12 13 16 17 18 21 22 23 24 25 26 
#96: 15:50 20:03 2 3 8 11 12 13 17 18 23 24 25 26 
#97: 17:13 19:34 1 4 
#98: 17:26 20:08 2 11 12 13 19 
#99: 17:48 19:41 0 2 3 8 9 10 11 12 13 14 15 16 17 19 20 21 22 23 24 25 26 
#100: 19:23 21:13 2 3 8 11 12 13 17 18 23 24 25 26 
#101: 19:30 20:55 0 2 3 5 6 8 9 10 11 12 13 14 15 16 17 18 19 20 21 22 23 24 25 26 
#102: 19:37 21:08 0 2 3 8 9 10 11 12 13 14 15 16 19 20 21 22 23 24 25 26 
#103: 19:37 21:24 0 2 3 8 9 10 11 12 13 14 15 16 19 20 21 22 23 24 25 26 
#104: 19:49 21:04 2 3 5 6 8 11 12 13 16 17 18 21 22 23 24 25 26 
#105: 19:52 21:03 0 2 3 5 6 8 9 10 11 12 13 14 15 16 17 18 19 20 21 22 23 24 25 26 
#106: 19:52 20:58 2 3 5 6 8 11 12 13 16 17 18 21 22 23 24 25 26 
#107: 19:55 21:32 2 3 5 6 8 11 12 13 16 17 18 21 22 23 24 25 26 
#108: 20:04 21:10 0 2 3 8 9 10 11 12 13 14 15 16 19 20 21 22 23 24 25 26 
#109: 20:05 21:20 0 2 3 5 6 8 9 10 11 12 13 14 15 16 17 18 19 20 21 22 23 24 25 26 
#110: 20:12 21:33 2 3 5 6 8 11 12 13 16 17 18 21 22 23 24 25 26 
