Gate: 4611686018427387903 Flight: 4611686018427387903
Opening time: 00:00 Closing time: 24:00

#00: 06:19 07:46 0 1 3 4 5 6 7 8 10 11 12 14 15 16 17 
#01: 06:26 07:39 1 3 6 7 11 15 
#02: 06:54 08:19 0 1 3 4 5 6 7 8 10 11 12 14 15 16 17 
#03: 07:14 08:32 0 1 3 4 5 6 7 8 10 11 12 14 15 16 17 
#04: 07:23 08:49 0 1 3 4 5 6 7 8 10 11 12 14 15 16 17 
#05: 07:29 08:14 1 3 6 7 10 11 12 14 15 16 17 
#06: 07:45 09:04 0 1 3 4 5 6 7 8 10 11 12 14 15 16 17 
#07: 08:14 09:45 0 1 3 4 5 6 7 8 10 11 12 14 15 16 17 
#08: 08:23 10:07 6 
#09: 08:57 10:03 0 1 3 4 5 6 7 8 10 11 12 14 15 16 17 
#10: 08:59 10:23 0 4 5 8 
#11: 09:11 09:48 0 1 3 4 5 6 7 8 10 11 12 14 15 16 17 
#12: 09:15 10:44 1 3 6 7 11 15 
#13: 09:27 10:20 0 1 3 4 5 6 7 8 10 11 12 14 15 16 17 
#14: 09:29 11:19 0 1 3 4 5 6 7 8 10 11 12 14 15 16 17 
#15: 09:36 10:24 0 1 3 4 5 6 7 8 10 11 12 14 15 16 17 
#16: 10:29 12:05 0 1 3 4 5 6 7 8 10 11 12 14 15 16 17 
#17: 10:32 11:38 0 1 3 4 5 6 7 8 10 11 12 14 15 16 17 
#18: 10:37 12:02 0 1 3 4 7 8 
#19: 10:45 11:35 0 1 3 4 5 6 7 8 10 11 12 14 15 16 17 
#20: 10:46 11:30 0 1 3 4 5 6 7 8 10 11 12 14 15 16 17 
#21: 11:39 12:59 0 4 8 10 12 14 17 
#22: 12:01 12:50 0 1 3 4 5 6 7 8 10 11 12 14 15 16 17 
#23: 12:14 13:08 0 1 3 4 5 6 7 8 10 11 12 14 15 16 17 
#24: 12:35 13:18 0 1 3 4 5 6 7 8 10 11 12 14 15 16 17 
#25: 13:25 14:50 0 1 3 4 5 6 7 8 10 11 12 14 15 16 17 
#26: 13:30 14:08 0 1 3 4 5 6 7 8 10 11 12 14 15 16 17 
#27: 13:54 14:52 0 1 3 4 5 6 7 8 10 11 12 14 15 16 17 
#28: 13:58 14:41 0 1 3 4 5 6 7 8 10 11 12 14 15 16 17 
#29: 14:14 15:05 0 1 3 4 5 6 7 8 10 11 12 14 15 16 17 
#30: 14:20 15:06 0 1 3 4 5 6 7 8 10 11 12 14 15 16 17 
#31: 14:37 15:27 0 4 8 10 12 14 17 
#32: 14:40 15:19 0 1 3 4 5 6 7 8 10 11 12 14 15 16 17 
#33: 15:04 15:48 0 1 3 4 5 6 7 8 10 11 12 14 15 16 17 
#34: 15:12 15:52 0 1 3 4 5 6 7 8 10 11 12 14 15 16 17 
#35: 15:33 16:37 0 1 3 4 5 6 7 8 10 11 12 14 15 16 17 
#36: 15:40 16:32 0 1 3 4 5 6 7 8 10 11 12 14 15 16 17 
#37: 15:48 16:30 0 1 3 4 5 6 7 8 10 11 12 14 15 16 17 
#38: 15:57 16:29 0 1 3 4 5 6 7 8 10 11 12 14 15 16 17 
#39: 16:18 17:11 1 3 6 7 10 11 12 14 15 16 17 
#40: 16:25 17:12 0 1 3 4 5 6 7 8 10 11 12 14 15 16 17 
#41: 16:42 17:17 0 1 3 4 5 6 7 8 10 11 12 14 15 16 17 
#42: 17:12 19:37 1 3 6 7 11 15 
#43: 17:31 18:26 1 3 6 7 10 11 12 14 15 16 17 
#44: 17:35 18:21 0 1 3 4 5 6 7 8 10 11 12 14 15 16 17 
#45: 17:41 19:11 0 1 3 4 5 6 7 8 10 11 12 14 15 16 17 
#46: 17:46 19:33 0 1 3 4 5 6 7 8 10 11 12 14 15 16 17 
#47: 17:46 19:12 0 1 3 4 5 6 7 8 10 11 12 14 15 16 17 
#48: 17:51 18:52 1 3 6 7 11 15 
#49: 17:55 19:03 1 3 6 7 11 15 
#50: 18:36 19:23 0 1 3 4 5 6 7 8 10 11 12 14 15 16 17 
#51: 18:47 19:25 0 1 3 4 5 6 7 8 10 11 12 14 15 16 17 
#52: 19:19 20:00 0 1 3 4 5 6 7 8 10 11 12 14 15 16 17 
#53: 19:20 20:14 0 1 3 4 5 6 7 8 10 11 12 14 15 16 17 
#54: 19:37 20:16 0 1 3 4 5 6 7 8 10 11 12 14 15 16 17 
