Gate: 4611686018427387903 Flight: 4611686018427387903
Opening time: 00:00 Closing time: 24:00

#00: 04:00 08:35 1 4 7 
#01: 04:01 11:03 1 4 7 
#02: 04:12 09:06 1 4 7 
#03: 05:17 06:21 0 2 3 5 6 8 9 10 11 12 13 14 15 16 17 18 19 20 21 22 23 24 25 26 
#04: 05:36 06:54 0 2 3 8 9 10 11 12 13 14 15 16 19 20 21 22 23 24 25 26 
#05: 05:40 06:56 2 3 5 6 8 11 12 13 16 17 18 21 22 23 24 25 26 
#06: 05:41 06:41 0 2 3 5 6 8 9 10 11 12 13 14 15 16 17 18 19 20 21 22 23 24 25 26 
#07: 05:42 07:01 0 2 3 8 9 10 11 12 13 14 15 16 19 20 21 22 23 24 25 26 
#08: 05:45 07:17 0 2 3 5 6 8 9 10 11 12 13 14 15 16 17 18 19 20 21 22 23 24 25 26 
#09: 05:51 06:51 2 3 8 11 12 13 17 18 23 24 25 26 
#10: 06:08 07:16 2 3 8 11 12 13 17 18 23 24 25 26 
#11: 06:13 07:39 0 2 3 5 6 8 9 10 11 12 13 14 15 16 17 18 19 20 21 22 23 24 25 26 
#12: 06:15 07:22 2 3 5 6 8 11 12 13 16 17 18 21 22 23 24 25 26 
#13: 06:15 07:34 11 12 13 
#14: 06:17 07:41 0 2 3 5 6 8 9 10 11 12 13 14 15 16 17 18 19 20 21 22 23 24 25 26 
#15: 06:29 07:39 0 2 3 5 6 8 9 10 11 12 13 14 15 16 17 18 19 20 21 22 23 24 25 26 
#16: 06:34 07:52 0 2 3 8 9 10 11 12 13 14 15 16 17 19 20 21 22 23 24 25 26 
#17: 06:34 08:27 2 3 5 6 8 11 12 13 16 17 18 21 22 23 24 25 26 
#18: 06:36 07:46 2 3 5 6 8 11 12 13 16 17 18 21 22 23 24 25 26 
#19: 06:40 07:57 2 3 5 6 8 11 12 13 16 17 18 21 22 23 24 25 26 
#20: 06:41 07:59 2 3 5 6 8 11 12 13 16 17 18 21 22 23 24 25 26 
#21: 06:41 08:12 2 3 5 6 8 11 12 13 16 17 18 21 22 23 24 25 26 
#22: 06:43 07:45 2 3 5 6 8 11 12 13 16 17 18 21 22 23 24 25 26 
#23: 06:49 08:12 0 2 3 5 6 8 9 10 11 12 13 14 15 16 17 18 19 20 21 22 23 24 25 26 
#24: 06:52 08:15 0 2 3 5 6 8 9 10 11 12 13 14 15 16 17 18 19 20 21 22 23 24 25 26 
#25: 06:57 08:21 2 3 8 11 12 13 17 18 23 24 25 26 
#26: 06:59 08:03 0 2 3 8 9 10 11 12 13 14 15 16 17 19 20 21 22 23 24 25 26 
#27: 07:02 08:04 0 2 3 8 9 10 11 12 13 14 15 16 19 20 21 22 23 24 25 26 
#28: 07:04 08:28 0 2 3 5 6 8 9 10 11 12 13 14 15 16 17 18 19 20 21 22 23 24 25 26 
#29: 07:23 08:18 2 3 8 11 12 13 17 18 23 24 25 26 
#30: 07:52 09:14 2 3 5 6 8 11 12 13 16 17 18 21 22 23 24 25 26 
#31: 08:05 09:09 2 3 5 6 8 11 12 13 16 17 18 21 22 23 24 25 26 
#32: 08:16 09:17 0 2 3 8 9 10 11 12 13 14 15 16 19 20 21 22 23 24 25 26 
#33: 08:55 10:27 0 2 3 8 9 10 11 12 13 14 15 16 19 20 21 22 23 24 25 26 
#34: 09:09 10:09 0 2 3 5 6 8 9 10 11 12 13 14 15 16 17 18 19 20 21 22 23 24 25 26 
#35: 09:15 10:27 0 2 3 5 6 8 9 10 11 12 13 14 15 16 17 18 19 20 21 22 23 24 25 26 
#36: 09:17 10:23 0 2 3 8 9 10 11 12 13 14 15 16 17 19 20 21 22 23 24 25 26 
#37: 09:21 10:56 0 2 3 8 9 10 11 12 13 14 15 16 17 19 20 21 22 23 24 25 26 
#38: 09:37 11:04 0 2 3 8 9 10 11 12 13 14 15 16 19 20 21 22 23 24 25 26 
#39: 09:43 11:01 0 2 3 8 9 10 11 12 13 14 15 16 19 20 21 22 23 24 25 26 
#40: 09:49 10:53 0 2 3 5 6 8 9 10 11 12 13 14 15 16 17 18 19 20 21 22 23 24 25 26 
#41: 09:52 10:39 0 2 3 5 6 8 9 10 11 12 13 14 15 16 17 18 19 20 21 22 23 24 25 26 
#42: 09:52 10:47 2 3 5 6 8 11 12 13 16 17 18 21 22 23 24 25 26 
#43: 09:53 10:52 2 3 5 6 8 11 12 13 16 17 18 21 22 23 24 25 26 
#44: 09:58 11:32 0 2 3 5 6 8 9 10 11 12 13 14 15 16 17 18 19 20 21 22 23 24 25 26 
#45: 10:01 11:15 2 3 5 6 8 11 12 13 16 17 18 21 22 23 24 25 26 
#46: 10:06 11:53 0 2 3 8 9 10 11 12 13 14 15 16 17 19 20 21 22 23 24 25 26 
#47: 10:09 11:19 0 2 3 5 6 8 9 10 11 12 13 14 15 16 17 18 19 20 21 22 23 24 25 26 
#48: 10:10 15:53 1 4 7 
#49: 10:13 11:36 2 3 5 6 8 11 12 13 16 17 18 21 22 23 24 25 26 
#50: 10:13 11:27 2 3 5 6 8 11 12 13 16 17 18 21 22 23 24 25 26 
#51: 10:15 11:28 0 2 3 5 6 8 9 10 11 12 13 14 15 16 17 18 19 20 21 22 23 24 25 26 
#52: 10:16 11:13 0 2 3 8 9 10 11 12 13 14 15 16 19 20 21 22 23 24 25 26 
#53: 10:18 11:32 2 3 5 6 8 11 12 13 16 17 18 21 22 23 24 25 26 
#54: 10:32 11:53 2 3 5 6 8 11 12 13 16 17 18 21 22 23 24 25 26 
#55: 10:33 12:13 2 3 5 6 8 11 12 13 16 17 18 21 22 23 24 25 26 
#56: 10:43 11:34 0 2 3 8 9 10 11 12 13 14 15 16 17 19 20 21 22 23 24 25 26 
#57: 10:53 11:52 0 2 3 8 9 10 11 12 13 14 15 16 19 20 21 22 23 24 25 26 
#58: 11:25 12:26 0 2 3 5 6 8 9 10 11 12 13 14 15 16 17 18 19 20 21 22 23 24 25 26 
#59: 11:41 12:45 2 3 8 11 12 13 17 18 23 24 25 26 
#60: 11:45 13:31 2 3 5 6 8 11 12 13 16 17 18 21 22 23 24 25 26 
#61: 11:58 13:28 0 2 3 8 9 10 11 12 13 14 15 16 17 19 20 21 22 23 24 25 26 
#62: 11:59 13:35 0 2 3 8 9 10 11 12 13 14 15 16 19 20 21 22 23 24 25 26 
#63: 12:02 13:16 2 3 8 11 12 13 17 18 23 24 25 26 
#64: 12:03 13:39 2 3 5 6 8 11 12 13 16 17 18 21 22 23 24 25 26 
#65: 12:05 13:31 2 3 5 6 8 11 12 13 16 17 18 21 22 23 24 25 26 
#66: 12:08 13:08 0 2 3 8 9 10 11 12 13 14 15 16 19 20 21 22 23 24 25 26 
#67: 12:12 13:24 2 3 5 6 8 11 12 13 16 17 18 21 22 23 24 25 26 
#68: 12:12 13:21 0 2 3 8 9 10 11 12 13 14 15 16 19 20 21 22 23 24 25 26 
#69: 12:15 14:27 0 2 3 5 6 8 9 10 11 12 13 14 15 16 17 18 19 20 21 22 23 24 25 26 
#70: 12:17 13:29 2 3 5 6 8 11 12 13 16 17 18 21 22 23 24 25 26 
#71: 12:18 13:42 0 2 3 5 6 8 9 10 11 12 13 14 15 16 17 18 19 20 21 22 23 24 25 26 
#72: 12:19 13:25 0 2 3 8 9 10 11 12 13 14 15 16 19 20 21 22 23 24 25 26 
#73: 12:19 13:11 0 2 3 8 9 10 11 12 13 14 15 16 19 20 21 22 23 24 25 26 
#74: 12:19 13:32 0 2 3 5 6 8 9 10 11 12 13 14 15 16 17 18 19 20 21 22 23 24 25 26 
#75: 12:20 13:46 2 3 5 6 8 11 12 13 16 17 18 21 22 23 24 25 26 
#76: 12:33 14:15 2 3 5 6 8 11 12 13 16 17 18 21 22 23 24 25 26 
#77: 12:51 13:50 0 2 3 8 9 10 11 12 13 14 15 16 19 20 21 22 23 24 25 26 
#78: 12:58 14:02 0 2 3 5 6 8 9 10 11 12 13 14 15 16 17 18 19 20 21 22 23 24 25 26 
#79: 13:07 15:56 0 2 3 5 6 8 9 10 11 12 13 14 15 16 17 18 19 20 21 22 23 24 25 26 
#80: 13:25 14:45 0 2 3 8 9 10 11 12 13 14 15 16 17 19 20 21 22 23 24 25 26 
#81: 13:40 14:50 0 2 3 5 6 8 9 10 11 12 13 14 15 16 17 18 19 20 21 22 23 24 25 26 
#82: 13:41 15:03 0 2 3 5 6 8 9 10 11 12 13 14 15 16 17 18 19 20 21 22 23 24 25 26 
#83: 13:43 14:45 0 2 3 8 9 10 11 12 13 14 15 16 19 20 21 22 23 24 25 26 
#84: 13:59 14:48 0 2 3 8 9 10 11 12 13 14 15 16 19 20 21 22 23 24 25 26 
#85: 14:07 15:10 2 3 5 6 8 11 12 13 16 17 18 21 22 23 24 25 26 
#86: 14:11 15:20 0 2 3 8 9 10 11 12 13 14 15 16 19 20 21 22 23 24 25 26 
#87: 14:12 19:13 1 4 7 
#88: 14:12 15:44 0 2 3 8 9 10 11 12 13 14 15 16 19 20 21 22 23 24 25 26 
#89: 14:16 15:30 0 2 3 5 6 8 9 10 11 12 13 14 15 16 17 18 19 20 21 22 23 24 25 26 
#90: 14:25 15:19 0 2 3 8 9 10 11 12 13 14 15 16 17 19 20 21 22 23 24 25 26 
#91: 14:51 15:53 0 2 3 8 9 10 11 12 13 14 15 16 17 19 20 21 22 23 24 25 26 
#92: 14:52 15:57 0 2 3 8 9 10 11 12 13 14 15 16 19 20 21 22 23 24 25 26 
#93: 14:55 15:46 0 2 3 8 9 10 11 12 13 14 15 16 17 19 20 21 22 23 24 25 26 
#94: 14:57 20:01 1 4 
#95: 15:03 16:05 2 3 5 6 8 11 12 13 16 17 18 21 22 23 24 25 26 
#96: 15:07 16:03 0 2 3 5 6 8 9 10 11 12 13 14 15 16 17 18 19 20 21 22 23 24 25 26 
#97: 15:11 19:47 0 2 3 5 6 8 9 10 11 12 13 14 15 16 17 18 19 20 21 22 23 24 25 26 
#98: 15:12 16:09 0 2 3 5 6 8 9 10 11 12 13 14 15 16 17 18 19 20 21 22 23 24 25 26 
#99: 15:13 16:38 0 2 3 8 9 10 11 12 13 14 15 16 19 20 21 22 23 24 25 26 
#100: 15:15 16:22 0 2 3 8 9 10 11 12 13 14 15 16 19 20 21 22 23 24 25 26 
#101: 15:19 16:19 0 2 3 8 9 10 11 12 13 14 15 16 19 20 21 22 23 24 25 26 
#102: 15:21 16:20 0 2 3 5 6 8 9 10 11 12 13 14 15 16 17 18 19 20 21 22 23 24 25 26 
#103: 15:26 16:30 2 3 5 6 8 11 12 13 16 17 18 21 22 23 24 25 26 
#104: 15:32 16:49 0 2 3 8 9 10 11 12 13 14 15 16 19 20 21 22 23 24 25 26 
#105: 15:38 16:37 2 3 5 6 8 11 12 13 16 17 18 21 22 23 24 25 26 
#106: 15:55 16:45 2 3 8 11 12 13 17 18 23 24 25 26 
#107: 16:00 17:03 0 2 3 8 9 10 11 12 13 14 15 16 19 20 21 22 23 24 25 26 
#108: 16:05 17:01 2 3 5 6 8 11 12 13 16 17 18 21 22 23 24 25 26 
#109: 16:36 17:34 2 3 5 6 8 11 12 13 16 17 18 21 22 23 24 25 26 
#110: 16:51 18:15 2 3 8 11 12 13 17 18 23 24 25 26 
#111: 16:55 19:40 1 4 7 
#112: 16:57 18:36 0 2 3 8 9 10 11 12 13 14 15 16 17 19 20 21 22 23 24 25 26 
#113: 17:03 18:05 0 2 3 5 6 8 9 10 11 12 13 14 15 16 17 18 19 20 21 22 23 24 25 26 
#114: 17:17 18:43 0 2 3 5 6 8 9 10 11 12 13 14 15 16 17 18 19 20 21 22 23 24 25 26 
#115: 17:21 18:51 2 3 8 11 12 13 17 18 23 24 25 26 
#116: 17:32 18:57 0 2 3 8 9 10 11 12 13 14 15 16 17 19 20 21 22 23 24 25 26 
#117: 17:32 18:59 0 2 3 5 6 8 9 10 11 12 13 14 15 16 17 18 19 20 21 22 23 24 25 26 
#118: 17:33 19:24 0 2 3 8 9 10 11 12 13 14 15 16 19 20 21 22 23 24 25 26 
#119: 17:34 19:06 2 3 5 6 8 11 12 13 16 17 18 21 22 23 24 25 26 
#120: 17:38 19:07 0 2 3 5 6 8 9 10 11 12 13 14 15 16 17 18 19 20 21 22 23 24 25 26 
#121: 17:40 19:09 2 3 5 6 8 11 12 13 16 17 18 21 22 23 24 25 26 
#122: 17:43 18:50 0 2 3 5 6 8 9 10 11 12 13 14 15 16 17 18 19 20 21 22 23 24 25 26 
#123: 17:47 18:56 0 2 3 8 9 10 11 12 13 14 15 16 17 19 20 21 22 23 24 25 26 
#124: 17:50 18:45 0 2 3 5 6 8 9 10 11 12 13 14 15 16 17 18 19 20 21 22 23 24 25 26 
#125: 17:58 19:13 0 2 3 8 9 10 11 12 13 14 15 16 17 19 20 21 22 23 24 25 26 
#126: 17:59 19:16 2 3 5 6 8 11 12 13 16 17 18 21 22 23 24 25 26 
#127: 18:02 19:25 2 3 5 6 8 11 12 13 16 17 18 21 22 23 24 25 26 
#128: 18:07 19:12 2 3 8 11 12 13 17 18 23 24 25 26 
#129: 18:11 19:15 2 3 5 6 8 11 12 13 16 17 18 21 22 23 24 25 26 
#130: 18:18 19:19 2 3 5 6 8 11 12 13 16 17 18 21 22 23 24 25 26 
#131: 18:19 19:25 0 2 3 5 6 8 9 10 11 12 13 14 15 16 17 18 19 20 21 22 23 24 25 26 
#132: 18:34 19:38 2 3 5 6 8 11 12 13 16 17 18 21 22 23 24 25 26 
#133: 18:45 19:40 0 2 3 8 9 10 11 12 13 14 15 16 19 20 21 22 23 24 25 26 
