Gate: 4611686018427387903 Flight: 4611686018427387903
Opening time: 00:00 Closing time: 24:00

#00: 06:20 07:00 0 1 3 4 5 6 7 8 10 11 12 14 15 16 17 
#01: 06:21 07:00 0 1 3 4 5 6 7 8 10 11 12 14 15 16 17 
#02: 06:35 07:50 1 3 6 7 11 15 
#03: 06:38 07:53 1 3 6 7 11 15 
#04: 06:58 07:55 0 1 3 4 5 6 7 8 10 11 12 14 15 16 17 
#05: 06:59 08:15 0 1 3 4 5 6 7 8 10 11 12 14 15 16 17 
#06: 07:04 08:18 0 1 3 4 5 6 7 8 10 11 12 14 15 16 17 
#07: 07:12 08:23 0 1 3 4 5 6 7 8 10 11 12 14 15 16 17 
#08: 07:16 08:34 0 1 3 4 5 6 7 8 10 11 12 14 15 16 17 
#09: 07:23 08:50 0 1 3 4 5 6 7 8 10 11 12 14 15 16 17 
#10: 07:35 08:41 1 3 6 7 10 11 12 14 15 16 17 
#11: 08:32 09:35 0 1 3 4 5 6 7 8 10 11 12 14 15 16 17 
#12: 08:32 09:30 0 4 5 8 
#13: 08:44 09:34 0 1 3 4 5 6 7 8 10 11 12 14 15 16 17 
#14: 08:54 09:45 0 1 3 4 5 6 7 8 10 11 12 14 15 16 17 
#15: 09:00 10:39 0 1 3 4 5 6 7 8 10 11 12 14 15 16 17 
#16: 09:03 10:27 1 3 6 7 11 15 
#17: 09:06 10:05 0 1 3 4 5 6 7 8 10 11 12 14 15 16 17 
#18: 09:07 10:09 0 4 5 8 
#19: 09:18 10:46 1 3 6 7 11 15 
#20: 09:18 10:49 0 1 3 4 5 6 7 8 10 11 12 14 15 16 17 
#21: 09:27 11:12 0 1 3 4 5 6 7 8 10 11 12 14 15 16 17 
#22: 09:27 09:47 0 1 3 4 5 6 7 8 10 11 12 14 15 16 17 
#23: 09:43 10:55 0 1 3 4 5 6 7 8 10 11 12 14 15 16 17 
#24: 09:50 10:41 0 1 3 4 5 6 7 8 10 11 12 14 15 16 17 
#25: 09:52 11:02 1 3 6 7 11 15 
#26: 10:21 12:18 0 1 3 4 7 8 
#27: 10:23 11:16 0 1 3 4 5 6 7 8 10 11 12 14 15 16 17 
#28: 10:23 11:39 0 1 3 4 5 6 7 8 10 11 12 14 15 16 17 
#29: 11:28 12:21 0 1 3 4 5 6 7 8 10 11 12 14 15 16 17 
#30: 11:56 12:31 0 1 3 4 5 6 7 8 10 11 12 14 15 16 17 
#31: 12:02 13:28 0 1 3 4 5 6 7 8 10 11 12 14 15 16 17 
#32: 12:15 12:54 0 1 3 4 5 6 7 8 10 11 12 14 15 16 17 
#33: 12:15 13:05 0 1 3 4 5 6 7 8 10 11 12 14 15 16 17 
#34: 12:53 15:03 0 1 3 4 5 6 7 8 10 11 12 14 15 16 17 
#35: 12:54 15:30 0 1 3 4 7 8 
#36: 12:59 14:00 0 1 3 4 5 6 7 8 10 11 12 14 15 16 17 
#37: 13:13 14:04 0 1 3 4 5 6 7 8 10 11 12 14 15 16 17 
#38: 13:49 14:37 0 1 3 4 5 6 7 8 10 11 12 14 15 16 17 
#39: 14:06 14:45 0 1 3 4 5 6 7 8 10 11 12 14 15 16 17 
#40: 14:15 15:05 0 1 3 4 5 6 7 8 10 11 12 14 15 16 17 
#41: 14:45 15:44 0 1 3 4 5 6 7 8 10 11 12 14 15 16 17 
#42: 14:49 15:56 0 4 8 10 12 14 17 
#43: 15:01 20:12 0 1 3 4 5 6 7 8 10 11 12 14 15 16 17 
#44: 15:03 15:43 0 1 3 4 5 6 7 8 10 11 12 14 15 16 17 
#45: 15:12 16:12 0 1 3 4 5 6 7 8 10 11 12 14 15 16 17 
#46: 15:20 16:33 0 1 3 4 5 6 7 8 10 11 12 14 15 16 17 
#47: 15:42 16:41 0 4 8 10 12 14 17 
#48: 15:49 17:01 1 3 6 7 10 11 12 14 15 16 17 
#49: 15:52 16:52 0 1 3 4 5 6 7 8 10 11 12 14 15 16 17 
#50: 16:16 17:12 0 1 3 4 5 6 7 8 10 11 12 14 15 16 17 
#51: 16:17 17:24 0 4 5 8 
#52: 17:00 18:11 0 4 5 8 
#53: 17:17 21:19 0 1 3 4 5 6 7 8 10 11 12 14 15 16 17 
#54: 17:25 18:18 0 1 3 4 5 6 7 8 10 11 12 14 15 16 17 
#55: 17:26 18:42 0 1 3 4 5 6 7 8 10 11 12 14 15 16 17 
#56: 18:34 19:22 0 1 3 4 5 6 7 8 10 11 12 14 15 16 17 
#57: 19:19 19:57 0 1 3 4 5 6 7 8 10 11 12 14 15 16 17 
